30
6
5 2 4 6 3 1
6
2 4 8 16 32 64
3
1 1 1
3
200000 200000 200000
200
1 1 1 1 1 1 1 1 1 1 1 1 1 1 1 1 1 1 1 1 1 1 1 1 1 1 1 1 1 1 1 1 1 1 1 1 1 1 1 1 1 1 1 1 1 1 1 1 1 1 1 1 1 1 1 1 1 1 1 1 1 1 1 1 1 1 1 1 1 1 1 1 1 1 1 1 1 1 1 1 1 1 1 1 1 1 1 1 1 1 1 1 1 1 1 1 1 1 1 1 1 1 1 1 1 1 1 1 1 1 1 1 1 1 1 1 1 1 1 1 1 1 1 1 1 1 1 1 1 1 1 1 1 1 1 1 1 1 1 1 1 1 1 1 1 1 1 1 1 1 1 1 1 1 1 1 1 1 1 1 1 1 1 1 1 1 1 1 1 1 1 1 1 1 1 1 1 1 1 1 1 1 1 1 1 1 1 1 1 1 1 1 1 1 1 1 1 1 1 1
200
151438 99874 98274 87825 118986 21390 186395 156927 152759 91176 142935 39499 147323 13136 1558 5125 38225 64021 70544 173500 32580 92102 168210 169600 116687 77745 133593 137206 73863 192641 53623 108417 41351 114699 39775 119021 54250 121000 191654 159595 8165 41792 170363 138416 121883 110543 53977 168013 73359 37721 110562 190886 92473 106056 159290 116004 176450 143346 175815 48525 178291 167758 122854 111914 48126 30429 121843 180582 154673 83365 130969 60249 38373 51305 6368 22302 149312 121111 32553 86976 67664 51615 29049 53211 178339 82454 115422 132300 163928 92295 103445 147020 2405 14634 100039 106052 187666 57608 62973 120997 56050 146248 102461 158298 95053 94320 38487 191659 196537 185474 84597 95103 80530 150737 164285 59764 153154 97944 91897 34919 156365 11786 38691 178503 162578 5772 108604 52604 87102 168475 85398 53404 173401 143223 157592 148741 79883 111609 136859 178543 14870 150850 156222 45790 17593 3868 41384 181712 127679 10479 157805 131601 94106 118063 178126 140451 50706 30477 116642 46752 59878 137754 5510 173733 47991 70047 64268 113309 122089 145012 56918 125556 67354 91743 180477 88602 101347 78497 136885 67171 144243 79914 65518 68493 44874 6450 141159 79823 77390 117573 198424 110417 18141 123656 7330 100587 128108 196773 124906 20980
200
65537 131073 65537 65537 65537 65537 65537 131073 65537 131073 131073 131073 65537 65537 131073 131073 131073 131073 131073 65537 65537 131073 131073 131073 131073 131073 65537 65537 65537 65537 65537 65537 65537 65537 65537 131073 65537 65537 65537 131073 65537 65537 131073 65537 131073 65537 131073 65537 131073 131073 65537 65537 65537 65537 131073 131073 131073 65537 131073 131073 131073 131073 65537 131073 65537 131073 131073 131073 65537 131073 131073 131073 65537 65537 65537 65537 131073 131073 65537 65537 65537 65537 65537 131073 131073 131073 65537 131073 65537 131073 65537 131073 131073 131073 131073 65537 65537 131073 131073 65537 65537 131073 65537 131073 65537 131073 65537 131073 65537 65537 131073 131073 131073 131073 131073 131073 65537 65537 131073 65537 131073 131073 65537 65537 65537 131073 131073 65537 131073 131073 65537 131073 131073 131073 131073 131073 65537 131073 65537 65537 65537 65537 65537 65537 131073 65537 65537 65537 131073 131073 131073 65537 131073 65537 131073 131073 65537 131073 65537 65537 65537 65537 65537 65537 65537 65537 65537 131073 131073 65537 65537 131073 65537 65537 131073 131073 131073 131073 131073 131073 131073 131073 65537 65537 65537 131073 65537 65537 131073 131073 65537 65537 65537 131073 131073 65537 65537 65537 65537 131073
200
29106 23892 14850 17688 15774 29238 25674 21978 20394 17556 5292 4344 2700 3216 2868 5316 4668 3996 3708 3192 63063 51766 32175 38324 34177 63349 55627 47619 44187 38038 181692 149144 92700 110416 98468 182516 160268 137196 127308 109592 194481 159642 99225 118188 105399 195363 171549 146853 136269 117306 104517 85794 53325 63516 56643 104991 92193 78921 73233 63042 30870 25340 15750 18760 16730 31010 27230 23310 21630 18620 29988 24616 15300 18224 16252 30124 26452 22644 21012 18088 31311 25702 15975 19028 16969 31453 27619 23643 21939 18886 18081 14842 9225 10988 9799 18163 15949 13653 12669 10906 66 12 143 412 441 237 70 68 71 41 441 362 225 268 239 443 389 333 309 266 57950 60798 84673 170147 70889 14668 146960 7298 43417 188767 169589 161002 42937 93974 30048 184002 6839 126495 182040 74723 60325 2097 159799 162414 79619 24617 128202 151570 9180 99976 198859 77644 173880 66499 135383 92940 185420 190804 58541 3802 118610 185194 178475 47272 191186 64834 171521 85620 73978 96552 195418 41436 101261 44821 199853 169338 171570 178604 120174 168438 45097 10217 30752 184951 50302 66373 49462 65366 170268 178842 17236 120239 81564 59677 189825 199472 204 120764 20952 179431
200
7488 29760 4800 85056 192 7680 11136 5376 3456 43584 3648 32256 57984 6513 25885 4175 73981 167 6680 9686 4676 3006 37909 3173 28056 50434 15600 62000 10000 177200 400 16000 23200 11200 7200 90800 7600 67200 120800 4173 16585 2675 47401 107 4280 6206 2996 1926 24289 2033 17976 32314 2028 8060 1300 23036 52 2080 3016 1456 936 11804 988 8736 15704 9126 36270 5850 103662 234 9360 13572 6552 4212 53118 4446 39312 70668 3276 13020 2100 37212 84 3360 4872 2352 1512 19068 1596 14112 25368 15678 62310 10050 178086 402 16080 23316 11256 7236 91254 7638 67536 121404 1560 6200 1000 17720 40 1600 2320 1120 720 9080 760 6720 12080 975 3875 625 11075 25 1000 1450 700 450 5675 475 4200 7550 1404 5580 900 15948 36 1440 2088 1008 648 8172 684 6048 10872 15249 60605 9775 173213 391 15640 22678 10948 7038 88757 7429 65688 118082 8307 33015 5325 94359 213 8520 12354 5964 3834 48351 4047 35784 64326 192 167 400 107 52 234 84 402 40 25 36 391 213 39 155 25 443 1 40 58 28 18 227 19 168 302 146794 110486 152941 67487 193803
200
41046 192842 126847 44236 145526 95441 178415 47021 13914 158163 93846 148447 47960 125695 14453 85475 187888 73034 36029 190525 86731 30356 152569 121198 21510 94159 196590 142603 109389 11155 120584 40846 182162 115317 171412 73231 72890 125775 104159 173458 98539 178218 87403 32771 130666 135474 80278 46643 70796 72489 137050 172218 193110 136476 57210 32494 124224 18643 95194 136160 31474 189797 169603 181538 31127 75090 116305 181344 151314 115722 123632 52740 116836 146718 40937 144219 192346 134572 188651 110611 47813 56153 166660 147887 27451 77493 47933 113967 64942 146062 19108 114726 59388 101671 169410 41920 173753 57508 51770 144764 69587 15748 12014 138036 9958 74784 61146 45450 70424 80378 148309 149991 21294 162716 174839 147547 135917 164597 190715 189182 183591 7794 139115 67864 123471 178158 192407 196031 198658 48997 144933 61150 138695 143575 40399 29544 79101 3690 20491 30338 52032 12418 2207 106838 163553 185525 91032 125343 190000 22399 134566 86507 3913 48792 165626 62052 6021 190368 170337 10606 18066 72953 81145 107055 66330 168675 82988 59064 168093 153951 90084 133559 168344 29172 194940 157062 105329 174198 192211 103000 193275 52506 49232 29354 45007 81845 163982 167222 28492 142623 37420 135349 162703 10041 23879 170227 120223 44589 176757 41654
200
24128 13312 63648 85696 83616 63232 159328 110656 3328 110240 170560 89440 160992 522 288 1377 1854 1809 1368 3447 2394 72 2385 3690 1935 3483 23722 13088 62577 84254 82209 62168 156647 108794 3272 108385 167690 87935 158283 12122 6688 31977 43054 42009 31768 80047 55594 1672 55385 85690 44935 80883 11078 6112 29223 39346 38391 29032 73153 50806 1528 50615 78310 41065 73917 24824 13696 65484 88168 86028 65056 163924 113848 3424 113420 175480 92020 165636 18212 10048 48042 64684 63114 47728 120262 83524 2512 83210 128740 67510 121518 5394 2976 14229 19158 18693 14136 35619 24738 744 24645 38130 19995 35991 15428 8512 40698 54796 53466 40432 101878 70756 2128 70490 109060 57190 102942 13282 7328 35037 47174 46029 34808 87707 60914 1832 60685 93890 49235 88623 10498 5792 27693 37286 36381 27512 69323 48146 1448 47965 74210 38915 70047 24302 13408 64107 86314 84219 63688 160477 111454 3352 111035 171790 90085 162153 8642 4768 22797 30694 29949 22648 57067 39634 1192 39485 61090 32035 57663 416 9 409 209 191 428 314 93 266 229 181 419 149 58 32 153 206 201 152 383 266 8 265 410 215 387 32485 90079 199602 170842 157215
200
195208 3471 57686 173849 70811 43505 32645 91827 151542 188697 183365 172155 37231 8112 153388 134007 60272 165442 125023 112711 126870 309 190927 120894 185508 157978 4942 159353 21750 153509 76288 93090 54905 199675 140567 163277 30956 170988 179670 86268 108531 80496 177616 121638 193047 184356 85600 143185 103738 12810 199677 98595 61232 51350 156440 194677 75154 90053 69678 107524 118646 88674 10862 99042 147730 142259 84475 191157 28099 10292 129893 74363 64688 28561 105650 10934 174737 96011 33561 91785 199819 107668 196270 124038 80852 101459 64986 143969 139383 13079 84387 67277 137459 180802 95543 80573 5181 9622 102588 146884 184512 118234 55856 139236 47056 71667 75587 4965 83720 143402 35963 189355 93978 19891 45171 16592 24191 90657 3989 110507 66976 101876 133781 67224 191431 113286 47105 1743 68195 138474 28570 193411 11397 153124 173209 29529 5352 68672 132969 15845 145207 160180 40373 31560 70571 149989 165295 104216 65711 11857 37784 16458 25793 82756 26162 94830 123402 194033 197097 105943 11940 115111 66086 135678 67391 51012 150166 85955 39776 114810 84676 104792 8761 105638 185648 40438 23068 20759 26974 122056 60143 99414 151051 163045 155136 61118 28275 181730 83409 165324 135887 190587 164470 126209 109962 5797 160507 59489 107056 165087
200
1 0 1 1 1 1 0 0 1 0 0 1 1 0 0 0 0 1 1 1 0 1 1 1 1 0 0 0 1 1 0 0 1 1 0 1 0 1 0 1 0 1 0 1 0 1 0 1 1 0 0 0 0 1 0 1 1 1 0 0 1 1 0 0 1 1 1 1 1 1 0 0 1 1 1 1 1 1 1 1 1 0 0 0 0 0 1 0 0 1 0 0 0 1 1 0 1 0 1 1 0 0 0 1 0 1 1 0 0 1 1 0 0 0 1 0 1 0 0 0 1 0 1 0 1 0 0 0 0 0 0 1 1 1 1 1 1 1 1 0 0 0 0 1 0 0 1 1 0 1 1 1 1 1 0 1 1 1 1 1 0 0 1 1 1 0 0 1 1 0 1 1 1 1 0 0 0 0 0 0 0 1 0 0 0 1 1 1 0 0 0 0 1 1 1 1 1 0 1 0
200
88200 63350 70700 77350 103250 97650 64750 104650 121100 36750 54600 128450 3500 69048 49594 55348 60554 80830 76446 50690 81926 94804 28770 42744 100558 2740 69804 50137 55954 61217 81715 77283 51245 82823 95842 29085 43212 101659 2770 7308 5249 5858 6409 8555 8091 5365 8671 10034 3045 4524 10643 290 89208 64074 71508 78234 104430 98766 65490 105846 122484 37170 55224 129918 3540 87444 62807 70094 76687 102365 96813 64195 103753 120062 36435 54132 127349 3470 6048 4344 4848 5304 7080 6696 4440 7176 8304 2520 3744 8808 240 52920 38010 42420 46410 61950 58590 38850 62790 72660 22050 32760 77070 2100 76356 54843 61206 66963 89385 84537 56055 90597 104838 31815 47268 111201 3030 15624 11222 12524 13702 18290 17298 11470 18538 21452 6510 9672 22754 620 27468 19729 22018 24089 32155 30411 20165 32591 37714 11445 17004 40003 1090 102816 73848 82416 90168 120360 113832 75480 121992 141168 42840 63648 149736 4080 89964 64617 72114 78897 105315 99603 66045 106743 123522 37485 55692 131019 3570 350 274 277 29 354 347 24 210 303 62 109 408 357 252 181 202 221 295 279 185 299 346 105 156 367 10 93556 79008 36988 193386 136054
200
8968 12862 5546 33630 47790 472 22538 51684 10620 26904 38586 16638 100890 143370 1416 67614 155052 31860 26448 37932 16356 99180 140940 1392 66468 152424 31320 29412 42183 18189 110295 156735 1548 73917 169506 34830 20520 29430 12690 76950 109350 1080 51570 118260 24300 32528 46652 20116 121980 173340 1712 81748 187464 38520 1216 1744 752 4560 6480 64 3056 7008 1440 6004 8611 3713 22515 31995 316 15089 34602 7110 23712 34008 14664 88920 126360 1248 59592 136656 28080 118 354 348 387 270 428 16 79 312 76 109 47 285 405 4 191 438 90 57269 90725 140668 36108 182000 80388 99917 85748 4843 82767 174181 100896 32863 172864 196776 46822 160133 173901 13382 15388 31888 91518 195045 87940 28989 17296 17680 186829 58708 42619 97121 136570 8569 175904 10606 98237 14989 149581 5536 170452 22520 159754 139754 187693 183889 95850 15550 163095 191372 183637 130843 86451 41027 105811 37010 173356 134004 154476 66130 144683 134562 174542 73723 148250 20422 140194 9924 123792 12140 167804 93832 18581 167557 132860 171961 126673 56266 15899 22955 101209 100890 26831 190113 80333 49012 99394 119140 102935 178618 89211 83814 76943 19841 76388 162979 72347 74113 146276 77729 25468 53180
200
129631 182419 148609 140220 154431 111940 67097 113803 80854 50450 136241 123147 166648 8622 103008 163000 92185 122808 152970 38164 67248 189081 51256 83528 144312 70812 194965 7948 187556 68956 5828 66289 150890 36654 10099 79113 147137 121093 198399 108186 109406 155434 81586 98665 3656 121669 85463 130724 70289 39343 197760 44729 73168 145675 115704 77809 68183 116821 48534 65734 71482 189958 196675 184985 37484 161762 141246 122722 2241 177409 48479 139035 188821 140942 118221 97046 174544 156461 101358 140559 64543 131202 182889 40191 6143 84182 162579 598 180226 150410 81594 180873 97109 195006 99470 83815 177570 48733 38061 32453 12243 137281 55804 87712 47752 117929 78604 106100 97059 35125 137030 157300 58165 142634 120376 165209 182411 199503 14985 177545 48936 6729 140990 69298 110010 162567 82463 91531 26088 142597 116003 55054 96477 173865 183207 158805 180821 128436 114186 168161 38738 92064 97783 175557 51378 9460 59758 154596 63798 159253 60502 89234 118140 2531 23986 162757 124142 57789 132300 2116 109603 74284 116891 179949 152861 128102 59996 114884 108280 163773 156529 85649 175900 62231 192734 100972 8394 97999 196137 167853 38742 112133 79569 87780 88015 14820 44938 2779 167991 130785 49886 150616 30082 35078 25823 175277 64806 122828 36390 14812
200
170024 112681 76591 37293 91027 53734 29674 150776 65764 48922 128721 125513 62155 24168 16017 10887 5301 12939 7638 4218 21432 9348 6954 18297 17841 8835 38160 25290 17190 8370 20430 12060 6660 33840 14760 10980 28890 28170 13950 59784 39621 26931 13113 32007 18894 10434 53016 23124 17202 45261 44133 21855 123384 81771 55581 27063 66057 38994 21534 109416 47724 35502 93411 91083 45105 58936 39059 26549 12927 31553 18626 10286 52264 22796 16958 44619 43507 21545 141192 93573 63603 30969 75591 44622 24642 125208 54612 40626 106893 104229 51615 119992 79523 54053 26319 64241 37922 20942 106408 46412 34526 90843 88579 43865 98792 65473 44503 21669 52891 31222 17242 87608 38212 28426 74793 72929 36115 166632 110433 75063 36549 89211 52662 29082 147768 64452 47946 126153 123009 60915 103880 68845 46795 22785 55615 32830 18130 92120 40180 29890 78645 76685 37975 124232 82333 55963 27249 66511 39262 21682 110168 48052 35746 94053 91709 45415 147552 97788 66468 32364 78996 46632 25752 130848 57072 42456 111708 108924 53940 401 57 90 141 291 139 333 283 233 393 245 293 348 424 281 191 93 227 134 74 376 164 122 321 313 155 54385 171513 172561 27298 37511
200
1 0 1 0 0 1 1 1 1 1 0 0 1 0 0 0 1 0 0 1 1 0 1 0 0 1 0 0 0 1 1 0 0 0 1 1 1 1 0 0 0 0 1 0 0 0 0 1 0 1 1 0 0 1 1 1 0 0 0 1 0 1 0 0 1 0 1 1 0 0 1 0 0 0 0 1 1 1 0 0 1 1 0 0 1 1 0 0 0 1 0 1 1 0 0 1 1 0 0 1 1 1 0 1 1 1 1 0 1 1 0 1 0 1 1 0 1 0 1 0 1 1 1 0 1 0 1 0 1 1 0 1 0 1 1 1 1 1 1 1 0 0 0 1 1 1 1 1 0 1 1 0 1 0 1 1 0 0 0 1 1 0 0 0 1 0 0 1 1 0 1 1 0 0 1 1 0 1 1 0 1 0 0 0 0 1 1 1 1 0 0 1 1 0 0 1 1 1 0 1
200
200000 200000 200000 200000 200000 200000 200000 200000 200000 200000 200000 200000 200000 200000 200000 200000 200000 200000 200000 200000 200000 200000 200000 200000 200000 200000 200000 200000 200000 200000 200000 200000 200000 200000 200000 200000 200000 200000 200000 200000 200000 200000 200000 200000 200000 200000 200000 200000 200000 200000 200000 200000 200000 200000 200000 200000 200000 200000 200000 200000 200000 200000 200000 200000 200000 200000 200000 200000 200000 200000 200000 200000 200000 200000 200000 200000 200000 200000 200000 200000 200000 200000 200000 200000 200000 200000 200000 200000 200000 200000 200000 200000 200000 200000 200000 200000 200000 200000 200000 200000 200000 200000 200000 200000 200000 200000 200000 200000 200000 200000 200000 200000 200000 200000 200000 200000 200000 200000 200000 200000 200000 200000 200000 200000 200000 200000 200000 200000 200000 200000 200000 200000 200000 200000 200000 200000 200000 200000 200000 200000 200000 200000 200000 200000 200000 200000 200000 200000 200000 200000 200000 200000 200000 200000 200000 200000 200000 200000 200000 200000 200000 200000 200000 200000 200000 200000 200000 200000 200000 200000 200000 200000 200000 200000 200000 200000 200000 200000 200000 200000 200000 200000 200000 200000 200000 200000 200000 200000 200000 200000 200000 200000 200000 200000 200000 200000 200000 200000 200000 200000
200
135200 27605 32119 103092 52492 41459 98572 2141 28767 163721 154679 120278 56412 177484 194202 155823 17501 145257 106090 23077 109129 72327 47423 17194 33289 175808 143647 64021 105310 128323 168505 77780 143693 137322 71803 37778 58452 135653 173471 15479 30116 180947 21929 37768 154669 189643 44799 118296 125551 57462 147137 172088 31515 80764 32382 110302 146269 192277 23269 92936 68874 128597 171874 138376 126240 34467 190865 164911 28210 3485 50462 173896 126893 86955 140096 71833 26200 50759 93354 177621 120078 3890 149140 20687 53162 10915 152711 101106 20049 116565 154671 3965 12923 157663 88908 24221 31209 167395 160742 162969 124067 74114 49833 147474 90507 177847 16376 87531 171873 163543 63096 32540 123842 3076 11913 88090 187488 35220 71277 194923 88542 166814 73451 159362 43709 104554 184502 4346 191911 173811 89692 98879 51000 94212 179763 177225 181579 38225 142057 25154 175370 28362 94680 70125 101551 168238 138565 164469 107475 74205 154109 88075 163995 152713 2312 18491 165109 73572 173152 81130 75730 129448 133640 195062 146240 165385 189283 197771 18867 139838 111799 80853 12470 8763 88092 65569 14338 164939 168500 193898 59565 143771 63386 34863 97396 154485 195897 93579 148860 110141 2936 116809 118850 52864 24422 19314 89508 158428 63548 82412
200
3160 122292 54036 108388 107124 121660 57196 42028 90692 1000 38700 17100 34300 33900 38500 18100 13300 28700 220 8514 3762 7546 7458 8470 3982 2926 6314 3770 145899 64467 129311 127803 145145 68237 50141 108199 3580 138546 61218 122794 121362 137830 64798 47614 102746 2980 115326 50958 102214 101022 114730 53938 39634 85526 2920 113004 49932 100156 98988 112420 52852 38836 83804 3720 143964 63612 127596 126108 143220 67332 49476 106764 4070 157509 69597 139601 137973 156695 73667 54131 116809 316 100 22 377 358 298 292 372 407 10 387 171 343 339 385 181 133 287 191995 162698 171143 195861 30337 80317 186450 67445 112020 163762 145458 154553 5570 121023 12752 68213 192859 113159 103816 52289 177708 102822 107289 135569 38925 91787 112126 140093 60119 139823 178505 99231 188408 184290 49228 47024 164285 128480 187761 160227 56045 117503 141374 120767 140267 182508 123742 146833 4536 104882 88191 50683 151349 168289 128755 139646 146325 27725 38141 26588 36896 127991 100897 54780 189288 29526 74159 175193 117603 188785 119108 42348 46411 28291 159045 62792 43857 145060 49349 22689 49409 107492 151330 70535 38742 92589 108635 33437 42577 69107 20328 187679 66975 11195 171624 67144 13508 37764 154199 32451 26178
200
0 0 0 0 0 0 0 0 0 0 0 0 0 0 0 0 0 0 0 0 0 0 0 0 0 0 0 0 0 0 0 0 0 0 0 0 0 0 0 0 0 0 0 0 0 0 0 0 0 0 0 0 0 0 0 0 0 0 0 0 0 0 0 0 0 0 0 0 0 0 0 0 0 0 0 0 0 0 0 0 0 0 0 0 0 0 0 0 0 0 0 0 0 0 0 0 0 0 0 0 9877 22187 169102 54877 70980 36382 34707 21965 3421 82518 19532 5176 58877 21838 171635 134007 162437 87479 119641 100885 29956 75735 102611 163291 53320 187939 21882 42189 57326 154442 146120 24910 92026 23808 42949 149417 138782 151775 114135 159339 84608 18471 167148 101357 168308 191967 156479 29003 87973 82897 109316 25256 73200 99819 24505 125229 41011 84863 19560 149627 52465 178594 108120 131494 75271 149352 104863 197910 93753 61326 64438 165950 150045 84314 81173 41097 25174 46971 119341 142761 73991 90757 4556 154166 173065 90727 36511 161968 648 19573 180364 103671 469 110894 142949 169548 101911 37146 30350 22110
200
82615 0 66420 55760 9430 41000 70725 51660 4305 9840 81180 27470 85436 0 68688 57664 9752 42400 73140 53424 4452 10176 83952 28408 22165 0 17820 14960 2530 11000 18975 13860 1155 2640 21780 7370 165230 0 132840 111520 18860 82000 141450 103320 8610 19680 162360 54940 56017 0 45036 37808 6394 27800 47955 35028 2919 6672 55044 18626 125736 0 101088 84864 14352 62400 107640 78624 6552 14976 123552 41808 154752 0 124416 104448 17664 76800 132480 96768 8064 18432 152064 51456 112437 0 90396 75888 12834 55800 96255 70308 5859 13392 110484 37386 99944 0 80352 67456 11408 49600 85560 62496 5208 11904 98208 33232 163618 0 131544 110432 18676 81200 140070 102312 8526 19488 160776 54404 54808 0 44064 36992 6256 27200 46920 34272 2856 6528 53856 18224 13299 0 10692 8976 1518 6600 11385 8316 693 1584 13068 4422 205 212 55 410 139 312 384 279 248 406 136 33 403 0 324 272 46 200 345 252 21 48 396 134 100399 184525 101827 52538 17687 145483 79519 9157 197831 1467 3572 130952 81855 155392 18465 178305 172110 67460 10368 192864 2394 169479 68436 42524 27025 108548 193894 21925 147077 193032 132531 195597
200
103997 156030 182096 180379 6593 162149 169033 94544 80322 99341 192167 122689 29605 41449 104135 49973 54320 126829 72173 188690 96295 144283 145170 127990 85370 100350 110140 184371 32580 30840 152590 117832 56358 147731 7675 26312 101372 97061 138783 16757 52830 121180 188653 69577 132993 175295 28853 33458 194030 30198 22685 626 122915 84166 184819 199484 62182 185047 109013 78103 55886 4672 142278 78043 152723 43366 130661 25086 175405 77881 23698 113669 37093 199750 134867 180890 122796 181568 190830 131229 20038 118104 4936 140767 107900 145262 81968 39768 112439 162365 184510 59487 174891 149784 35735 105494 38475 164199 141219 179638 186044 152562 89368 182395 94450 100868 46423 191402 112989 164518 33091 55287 158794 137988 166917 30894 197246 44687 145396 138448 124034 148775 4692 176803 7777 195839 137624 143421 21552 162540 40808 141840 66868 77608 81005 147683 55122 40858 152309 145850 153759 51074 117834 33753 125131 81078 78697 153454 154571 17349 180013 79595 179565 92956 110947 144810 69807 51802 41321 92995 103784 109416 193620 58224 78753 25144 136000 180362 194916 193703 10066 36644 65654 101124 69197 72491 168287 9708 191870 121352 78891 146558 59165 138784 114977 30223 22930 190591 90740 191011 137219 154616 187045 56974 78440 184117 191970 149347 173699 31194
200
145504 198017 57698 41793 94362 96445 165382 170915 171235 33567 21043 17171 40507 53583 81771 26670 97370 171318 45716 50460 32947 130217 82937 93977 19262 145539 187369 184400 198425 82314 44647 122988 85653 86716 53251 122613 150492 151688 91709 187759 58625 25752 22210 123530 128106 61359 157864 40060 72740 175364 16871 155844 9154 126408 46510 79497 148789 195208 112153 199030 196762 87241 94473 105048 195451 115372 62105 85211 131375 100011 106274 77203 78991 120739 60727 5307 103191 36109 190168 163606 138273 38607 173783 31238 126884 98085 88904 8601 90273 87846 53153 121033 107708 77155 43370 166247 118470 145858 176246 135196 113473 49060 7715 139358 68480 155226 185735 155233 100126 61508 85066 136339 186309 177406 3331 165279 103644 93307 197902 72442 135234 12289 153314 29538 140763 171822 89280 160348 83519 20801 157196 20024 92731 167320 42182 22546 163193 67191 42822 135480 93284 29194 95818 151418 109473 108185 173465 57305 68946 166663 67717 119407 144488 121679 59535 46043 133214 177178 68154 3141 137778 37957 147382 133932 4452 29742 166071 15978 371 188575 61480 158052 2606 132048 159588 147974 96827 69520 102104 38556 65676 95859 12822 53669 33064 62162 193480 108746 163645 179283 138474 31808 80622 135266 43145 52584 116458 23956 167599 7222
3
65537 65537 131073
200
148672 161708 74993 97240 67437 109231 170227 106406 112338 177430 167994 184038 27210 176819 62880 7615 68351 196965 18090 177152 183517 92977 185170 109993 171668 17516 161276 133958 40004 17836 15148 147347 103388 45570 66179 102523 81617 131234 180334 143469 47400 138022 137455 4574 58410 104634 136669 10517 43630 125089 12158 127854 7820 80358 23295 26171 58078 66321 97161 150754 119593 131872 112603 41874 69687 182713 142757 59445 57529 195855 69978 157815 13619 110520 95446 138234 112016 143084 104395 56620 198268 55848 122912 91250 98481 177000 1888 27272 19087 12598 97229 147549 91598 29598 26274 4562 96345 139116 141542 42536 16011 172540 72149 53290 25181 32414 118391 7303 159013 78832 65817 166088 96281 27568 63089 161754 107950 120693 8795 127882 173641 475 40183 140155 172540 26228 41368 78183 27803 9868 21663 142541 137716 134605 4171 110798 165780 69653 185955 190291 52509 187663 168857 112577 94757 23199 42956 132947 16731 191465 22192 123139 191305 107030 100533 170353 192513 78460 183476 121148 178516 61453 154747 114160 72147 25921 97367 137530 143347 14532 128750 196181 57212 193528 68443 124467 65944 16697 116982 98714 97087 10562 21917 61967 143831 172677 77446 70950 146983 141286 141699 193613 140974 98035 73139 16847 84975 39973 124682 132809
200
0 0 0 0 0 0 0 0 0 0 0 0 0 0 0 0 0 0 0 0 0 0 0 0 0 0 0 0 0 0 0 0 0 0 0 0 0 0 0 0 0 0 0 0 0 0 0 0 0 0 0 0 0 0 0 0 0 0 0 0 0 0 0 0 0 0 0 0 0 0 0 0 0 0 0 0 0 0 0 0 0 0 0 0 0 0 0 0 0 0 0 0 0 0 0 0 0 0 0 0 147819 152224 102443 142628 9607 174801 165900 151068 8008 143216 160455 166196 134574 139198 197185 34546 156843 87588 67619 3960 188999 167651 170080 184695 143922 117760 35005 156317 71091 50307 114380 24945 115146 132938 60024 66322 4458 110074 196435 41868 10708 118136 86703 168016 11426 86135 62116 83159 181857 29432 188362 2266 184624 149860 27657 96351 82346 20268 184225 18044 44482 110038 131534 49821 151881 108302 127813 9642 40010 103614 3334 166553 174756 153807 152094 92486 72092 54457 925 83131 86726 102807 175516 184287 22602 73243 47374 162171 102351 34952 140467 109688 74687 648 55737 190407 157983 123791 124142 115000
200
0 0 0 0 0 0 0 0 0 0 0 0 0 0 0 0 0 0 0 0 0 0 0 0 0 0 0 0 0 0 0 0 0 0 0 0 0 0 0 0 0 0 0 0 0 0 0 0 0 0 0 0 0 0 0 0 0 0 0 0 0 0 0 0 0 0 0 0 0 0 0 0 0 0 0 0 0 0 0 0 0 0 0 0 0 0 0 0 0 0 0 0 0 0 0 0 0 0 0 0 0 0 0 0 0 0 0 0 0 0 0 0 0 0 0 0 0 0 0 0 0 0 0 0 0 0 0 0 0 0 0 0 0 0 0 0 0 0 0 0 0 0 0 0 0 0 0 0 0 0 0 0 0 0 0 0 0 0 0 0 0 0 0 0 0 0 0 0 0 0 0 0 0 0 0 0 0 0 0 0 0 0 0 0 0 0 0 0 0 0 0 0 0 0 0 0 0 0 0 0
200
97730 29438 16964 34485 145549 52338 127967 63781 123719 141078 38533 75382 68050 1974 190274 163270 185257 164782 171759 133440 171170 50433 194439 24125 9334 69011 106108 48202 65154 84858 71053 103767 143415 8702 43108 31405 32397 51217 21350 105657 113946 134147 113234 143639 8030 119005 172598 140252 76195 52253 2274 55806 25367 57294 118976 131276 154837 9034 113035 197903 108194 63501 4507 61537 43402 152169 144424 157805 117842 145144 194567 61765 174183 18894 67237 5632 139623 84289 61956 95121 14911 178750 156031 96625 195112 97390 148058 120059 146548 175546 24607 6235 24285 174891 107271 31179 64836 151359 146909 177714 152303 81002 194768 137467 135137 53549 51876 43169 188883 183609 35960 6555 96150 183954 175680 71031 145705 185666 37653 150969 84301 160348 114550 110783 158139 182869 102108 21211 18483 95951 39373 72907 164872 28790 178887 154956 5456 109134 145275 36838 180381 28223 43137 166747 18347 26207 38110 53270 151258 173182 20706 83249 99162 172626 74627 6012 3131 171938 94257 134024 61286 186331 117640 145535 79739 9312 25003 134842 58405 58277 84419 16116 176446 21618 123416 1076 95753 187852 108080 196843 78711 108158 123952 131145 109600 145204 105770 89086 24061 22031 37322 151671 65059 182458 170013 177617 195305 111588 16339 96953
