100
665430872275125074 665430872275125077
168 201751175541707484
163068076038167647 344321453613455372
677277142378662506 788273623172537861
113 856457344143511606
650675768025553525 650675768025553527
418 471381024633227070
874 508365752850452724
282 284405046008581562
1 2
611 402566008012538302
682526121880712033 682526121880712043
564048608328268437 564048608328268438
400 513531875866760828
887 113215173618445144
760 742633150551066358
22 386228773552276667
386 700773385141537757
131 532463706776703038
64757272103865031 64757272103865037
414428082181308834 871440305002742723
447 474142278806802354
421 158175352454832856
2 3
848 167106726467055868
432824234182584085 432824234182584087
868 481210002361443522
768808657351650658 768808657351650662
668 368834831475763274
303471303502750004 303471303502750005
277 787028645632358048
358 752281170005378068
135515104352045423 324828472578078387
140 313342400871802050
780 470186382157106636
682 886460745040488283
404643277130342251 404643277130342261
16 837585232868265212
77776 77777
146534823263743700 707537118877360004
481 360065575884216545
331 807583482276765477
151100070783245117 151100070783245126
175178446884015004 505816314587170450
506477660831163674 735408134340347131
256 651740783818071714
352702830653428184 427818352320557331
184 623384051065012325
1 1000000000000000000
226202058443001053 226202058443001054
16 26
348 235166055766340102
413 576484025138488772
107 688883526244487711
55 185871076575165265
584 631441783636363133
651 184064677653438116
473144662452246718 544586466371027232
182 507322432707362610
844 674387546837115341
111287086017837181 801343336584210851
42 611358860460343715
302665564113184421 405576470376018327
88 102
260445664613557405 774741018574303055
315631271206611314 672278217436821836
15 706472780160632306
263 250263161236852187
130277137672435430 130277137672435431
15 611008125026334152
67370513484730010 820613266072166067
140 801740026865633772
404630307285437312 843160744167556100
332126518616677630 776128683231805587
777008754713064478 777008754713064486
123 555851760424613105
511 873201173811122263
77 371421438032282070
782 426566714078617771
563408688361770021 563408688361770023
562173682767805754 674320174275441262
204 408302185416275176
441323748076375600 441323748076375601
404 523418276862122083
621172500758237650 621172500758237657
815 647166827278505485
173 675304022786883186
686744454514755353 850412178010268783
26 325148575030836423
676756501303333458 676756501303333465
181 878070002737755005
68045436473100160 715263057448562302
520 516476848544511571
337 187052057215431072
421628472472508257 708243283615642134
470045587114547755 470045587114547761
241 601163486572325170
844068475041487048 844068475041487051
53 380254017423473156
171114150756832075 171114150756832080
